585
61
375
815
160
780
540
955
991
352
475
558
236
499
571
159
17
573
313
67
422
166
858
959
179
602
887
756
825
793
790
450
336
748
444
469
514
653
293
682
703
268
485
569
407
186
200
608
20
782
624
369
606
931
693
918
811
105
391
102
297
570
864
891
705
843
53
318
282
62
281
262
216
202
656
42
24
489
271
763
469
3
277
378
85
266
56
279
890
104
641
747
409
959
880
655
386
87
842
585
518
728
353
954
445
769
635
339
758
660
272
400
58
236
301
444
304
858
72
899
257
609
217
758
162
897
42
373
256
158
717
201
554
563
884
656
829
161
786
891
439
351
933
788
971
13
932
945
515
200
404
257
960
567
598
477
742
78
136
918
245
967
238
729
584
742
50
121
357
470
17
374
332
284
618
28
902
371
334
463
734
794
326
971
315
840
958
579
811
909
67
352
525
213
181
621
831
841
651
712
987
155
705
130
199
383
918
812
345
426
143
577
116
359
690
252
445
612
338
524
488
342
780
212
600
967
439
842
323
372
630
502
768
743
305
512
959
291
635
914
536
776
555
889
816
599
746
161
909
58
159
558
49
262
334
843
734
245
493
269
667
410
644
392
153
838
67
568
546
241
553
882
419
26
163
489
709
46
219
576
563
663
951
739
315
149
827
622
953
945
765
287
256
677
783
105
921
813
823
877
46
159
958
625
514
931
110
740
78
458
244
489
937
898
119
188
417
842
938
67
236
764
231
577
166
805
939
194
201
673
649
405
630
997
790
96
942
489
908
346
859
920
184
722
652
615
698
235
831
622
5
453
664
95
439
88
424
362
891
393
128
359
455
848
862
645
723
288
376
653
25
364
672
698
922
561
758
489
531
828
934
811
655
850
751
679
187
186
954
522
9
278
447
601
194
39
970
18
990
527
448
407
635
406
350
81
469
308
951
802
803
955
336
378
335
515
602
142
762
700
348
871
9
448
266
384
479
17
228
28
328
636
139
803
558
878
731
316
86
728
404
793
792
773
617
667
730
880
777
696
824
829
875
558
843
844
841
415
820
151
620
24
501
397
956
230
380
479
909
149
932
318
639
685
575
353
745
55
364
390
960
631
98
405
152
969
265
579
147
200
485
932
402
683
469
637
941
500
842
955
240
641
831
215
150
877
182
159
526
821
865
507
219
362
170
259
810
583
160
789
463
126
459
890
472
726
531
783
601
756
793
610
736
26
513
655
157
424
420
194
106
625
738
488
440
962
687
693
838
441
680
876
416
766
639
415
628
475
199
947
451
678
402
260
789
781
39
837
494
238
720
356
123
48
541
159
418
853
684
605
220
552
996
487
83
502
346
638
644
799
492
953
248
129
101
429
167
502
458
985
161
719
986
773
309
831
903
778
367
74
925
735
494
454
799
116
146
518
623
251
783
485
119
521
143
384
92
764
493
293
49
950
408
713
173
787
642
373
929
737
852
243
131
761
737
108
387
49
534
342
388
905
874
620
862
595
598
585
728
677
201
590
337
541
541
539
152
172
589
200
760
450
438
475
87
303
944
476
217
479
648
1
672
120
847
640
832
76
456
633
623
814
70
864
124
868
264
713
689
927
882
283
215
506
12
452
841
31
618
40
487
491
937
484
418
865
127
384
239
935
706
362
478
547
621
325
260
342
607
118
408
262
545
96
277
496
889
308
565
329
653
101
120
458
464
340
813
501
255
513
45
865
3
166
414
434
925
956
406
593
760
358
40
516
525
461
891
256
337
664
359
237
738
770
859
920
685
234
336
309
459
757
733
567
417
363
617
149
909
665
527
455
332
528
782
252
886
812
994
693
398
921
563
117
913
57
735
564
949
467
357
618
354
562
494
877
729
10
277
552
511
128
170
454
306
496
717
337
847
396
700
735
857
193
382
196
959
35
603
844
548
214
354
812
845
80
243
350
869
460
601
532
52
201
687
536
552
519
819
464
666
844
409
856
273
781
491
370
906
20
802
467
561
515
611
341
523
947
576
180
890
606
119
764
123
911
168
990
660
983
939
410
942
412
541
343
348
609
111
819
340
220
498
908
322
263
535
909
127
250
246
325
393
693
304
609
855
666
177
225
883
943
438
586
804
145
328
599
336
812
445
793
37
389
89
635
980
985
146
205
338
750
123
661
668
758
390
404
252
959
176
198
989
855
432
855
764
503
331
29
4
823
34
222
461
885
42
899
238
506
494
187
8
763
374
206
793
799
523
191
199
591
774
697
316
359
989
198
240
865
783
53
503
233
888
725
927
566
260
469
